code,name,101,102,103,104,105,106,107,108,201,202,203,204,205,206,207,301,302,303,304,305,306,307,308,309,401,402,403,404,405,406,407,501,502,503,504,505,506,507,508,509,510,511,601,602,603,604,605,606,607,608,609,610,611,612,613,701,702,703,704,705,706,707,708,709,710,711,712,713,801,802,803,804,805,806,807,808,809,810,811,900
101,Bratislava I,0,11.6321571973629,9.17654684072266,10.8141229050081,14.0202794526831,24.4164348236149,19.9633536995484,19.5511784151744,52.213517729526,30.6544378060295,28.7655760795675,25.1015908844539,27.7316999300382,29.8142491590388,28.0597676563333,31.4800461381354,29.1217351122057,25.5955359923792,27.1486084499692,30.4407173453182,28.8329966217135,28.7285298756819,29.7812262071249,24.5921144913511,49.2776642223519,28.4019273892685,26.114773161813,31.7162663780795,28.5132248352475,33.022432019049,31.1366945066182,32.1107187230979,35.1683639094897,25.2554803204114,32.5823210257142,24.6797110723618,25.2509114010605,32.5698042747956,26.9332545519152,31.0186717215779,28.9970017692569,24.723425226729,22.2835947854553,26.0566378410308,28.4938073980441,31.9078998789599,30.361789475799,28.4058717349818,35.1167832779823,31.8442184288063,35.2967030430364,31.7927262677785,24.0652775329981,30.7031878364039,27.3166218914943,29.7685172949622,31.4908815251651,28.1434101093551,29.3387443904863,35.9002694343316,23.1541974966869,25.8919340488785,31.0340624675296,36.5774705380996,30.695012761705,31.217928324392,33.0044999983709,33.6899566813799,32.6442043881905,18.0920626089873,21.2846184083019,23.7159358465498,21.7212786545363,27.9690792743803,30.7663876603068,31.0513230887289,36.5802299487288,27.6991736826164,31.678727034382,20.7530840058243
102,Bratislava II,11.6321571973629,0,2.95723872919185,1.94198369557785,2.91598216994815,13.5198915277295,9.17981413036254,8.82114195020867,49.6360114049851,22.6646311231761,19.5913322482118,15.2577428308007,17.310131351875,19.0929229526029,17.4358688236332,23.6351496673793,21.0386296789275,15.8071583066672,17.5078589702288,22.2943904352459,21.4727996212412,20.4477708676682,21.611826067012,15.0227803462709,46.2173959768324,19.9852258415941,16.6963798911415,24.5629775633088,20.7068737062586,25.5045979529772,23.0966519077784,24.2647356841726,28.4320115621002,15.8702327713494,25.7238309922431,15.7608441165058,15.9469514495089,26.1440479420988,17.4960258419582,22.7122276388032,20.4917319771977,15.2006685231208,13.7466488189379,18.4593394032749,20.4074793452941,24.668732829274,22.4660079215024,19.8882292887962,28.1186722236467,24.4191929154465,29.7176549560648,24.7519030294288,15.5035744891228,22.8723939244737,18.9872863535033,20.9330088336613,23.5167835249793,18.9056580677373,20.8557537803806,30.3793801295425,13.6672207864608,16.1338328125541,22.2730919257689,29.8638506917395,22.8833954839819,24.2332115602728,25.7993350527667,26.0667236289897,24.6286598736871,7.58297804159598,10.6821440478327,13.2143924536629,11.3660173009824,17.8863007700887,22.1032366470424,23.50317711611,29.6662942197462,18.6193556607695,23.6424007051646,29.7689672969702
103,Bratislava III,9.17654684072266,2.95723872919185,0,2.08512981138704,5.28511969435934,15.8226100121542,11.3417136410271,11.5335781037591,50.5102829811681,24.5932914854363,21.0430874695215,16.9451211003627,19.3528761612958,21.494932103286,19.5858282663576,24.6632043744421,22.0834356490178,17.4101272969722,19.1534915180005,23.3864685369644,22.2550421300098,21.5382163616158,22.6953582252596,16.5889749829028,47.1225058449635,21.7514456757647,18.2545529297949,26.0449417186397,22.5168390601087,26.4181716775061,24.1563312899822,25.2406264771233,29.0668371450563,17.5938829117334,26.3800405934543,17.0312737948758,17.3732761643428,27.2119060124932,19.153650517301,23.8081163427175,22.0010213278288,16.6646354517625,14.8474972118492,19.3596462281997,21.4304565111971,25.5114799778604,23.495023047718,21.571247551804,28.8669151717501,25.6717285610319,30.879043759516,26.0249658384827,16.6402591022198,23.8382637385249,20.1156314807148,22.3666523698215,24.5837808929028,20.5818571428642,22.2931054082451,30.6619996655165,15.2008254870303,17.956956291913,23.6475182876129,30.557415220782,23.8938696112807,25.0246335806681,26.6399494829173,27.0342737708404,25.6947813376815,9.81265435034978,12.8750030329173,15.2422740310841,13.3979699656143,20.0393270670178,23.5528944372665,25.0599989727016,30.4149925999707,20.1026931196059,25.2397738023762,27.692915444933
104,Bratislava IV,10.8141229050081,1.94198369557785,2.08512981138704,0,3.49134393165478,14.0102385712213,9.61291269501741,10.1050734354424,50.2960920541841,23.4868944188723,19.3471045567781,15.1577371107038,17.5455651727164,19.8282798293365,17.852362173569,23.1354238269998,20.5423103258917,15.8351337821068,17.4069881748236,21.822914468185,20.8285970232638,20.0242318606429,21.1413877059963,14.8289844320089,46.831093391887,20.4060673315495,16.5702248520617,25.0061805259692,21.4553262284139,24.9634285483638,22.6190930628445,23.7255318190431,27.7843211763908,15.8271890127538,25.0599419617342,15.36013277912,15.6957254441226,25.7662526218313,17.2959085177099,22.3123716512538,20.3512330372785,14.9699309590946,13.2829025611625,17.8316333594834,19.8764668828192,24.021789381805,21.9562148042715,20.1976887575277,27.473949334053,24.3892472856419,30.0611762789277,24.9014066731588,15.0552596575848,22.3081308398132,18.5265481637319,20.6510276214368,23.0179409790249,18.7807982326683,20.4730361196739,29.6300857057146,13.389983978703,16.0868449225558,21.9096050514298,29.2737287661485,22.3014821479054,23.5671341362755,25.2666528609006,25.4903050233314,24.1062672383306,7.94900390486612,10.9573158623373,13.3698846246539,11.4823678883034,18.306214380949,22.0433230145831,23.9765384562533,29.0490072363205,18.2954319538258,23.9243781448761,28.9207366398756
105,Bratislava V,14.0202794526831,2.91598216994815,5.28511969435934,3.49134393165478,0,10.7902886482518,6.51665551191956,7.42311266655392,49.9136376293513,21.6000812938048,17.0430583656927,12.6330149780494,14.583457266731,16.7553762805312,14.8284773942668,21.3664385998194,18.7684344614899,13.2947045565536,14.8530053833458,20.0081537437372,19.3572722494824,18.1369100850149,19.3211432585778,12.467394562379,46.3360644697417,18.4387983624088,14.2986693263344,23.5014653339741,19.7429853498948,23.3734824453392,20.8395098357939,22.0143208834593,26.434637221996,13.723934510168,23.6926651319342,13.3319902546979,13.4152881625889,24.709800106316,15.0104791526485,20.419042349619,18.4960826391542,12.7162816910142,11.5290775394273,16.2250130369939,18.1197310463256,22.5176417863348,20.2499123517805,18.2429644831582,26.0087696993912,22.8357061788043,29.0317825397088,23.4534806335125,13.1958956057375,20.6176247311859,16.6555067901495,18.6779445136468,21.3307685306837,16.687574459448,18.6494300086527,28.8193536247962,11.3876237052206,13.717462029573,19.9042254262795,27.9723139301589,20.834910320783,22.3405937064951,23.9000735563614,23.8817329119016,22.3175075486514,5.34886207427606,8.183268743798,10.5936419862432,8.87299838259799,15.6246297578041,20.0716958025057,22.3572250502852,27.6598621079627,16.1619710252776,22.1408558991403,31.614638474652
106,Malacky,24.4164348236149,13.5198915277295,15.8226100121542,14.0102385712213,10.7902886482518,0,4.83518132438686,9.07898866566435,51.4166844862782,19.717194101568,10.9614375486081,6.46929058552181,4.87733325807031,7.73777250578204,5.34438753494604,16.9401612767559,14.7815696727945,8.04308742284765,8.30571063046471,15.5805804624735,16.2827168399316,13.8704802466228,14.8360552844466,7.71240154661216,47.4333281691343,15.7953000627483,9.75444222800594,21.9989774704009,18.6745924708156,19.2447891628571,16.4488998748646,17.3489768156575,22.758280475193,9.21964263610202,20.307195245282,9.89618716128617,8.81893891227797,21.8464711902979,9.06560631555496,15.5350009418606,13.8761749590134,8.5405056657551,10.2926810672996,13.0955970753326,14.010435923098,18.7218635662793,15.8679255018396,15.3564405414624,21.7900743277077,19.8684629306522,28.5974437510435,21.4982396129563,10.7547864714061,16.0830708575133,12.7713578184996,13.4579531570171,16.9598084724375,10.824983400801,13.3451431421138,26.8813937960456,8.17179058959682,7.65595103152365,13.7471656467441,24.6187019983956,16.5941617743565,19.4001809100593,20.6301849609922,19.1547774265001,17.1186438021979,7.82282061681782,5.65995276428879,5.28138931763668,6.10893042943382,9.37106830433533,15.6150084718659,20.3636268884619,23.8115593685416,10.2155949095475,19.1068881918159,40.1865838111618
107,Pezinok,19.9633536995484,9.17981413036254,11.3417136410271,9.61291269501741,6.51665551191956,4.83518132438686,0,7.14792140936355,50.841434568566,20.1794965412404,12.5950430953628,7.80867027937287,8.47360680084005,11.0744622394172,8.60186944829974,18.0100366544239,15.5415252842175,8.79261262537969,10.1018105037368,16.6424380162519,16.6916835340308,14.7432896052081,15.7855261136616,8.15378035226823,46.9658657549188,16.4183467989536,10.6417979909897,22.2846322048929,18.7441767435733,20.183945959481,17.4879762729694,18.5591839050863,23.5819751659343,9.67012154412861,20.9547499285529,10.2210620534743,9.41012016926445,22.312816955954,10.7169259549684,16.7287728105925,14.824250356131,8.81405127544705,9.41865926231822,13.5467601635425,15.0443710299291,19.6975287182644,17.3739883323263,16.0679735949676,23.0748375395779,20.6935891033332,28.7234270853855,21.9851180192084,10.5367996868516,17.4659281642507,13.7573784245642,14.5937613746292,17.8575452966313,12.5148702219942,14.8560009469166,26.7611838568325,8.12547398797823,8.95507431346575,15.5335730935963,25.1892481493152,17.4196766339275,19.6767460544017,21.0286839217739,20.3613966170667,18.7817959506868,4.77677397615737,4.60801854541899,6.05313324923106,5.32568032935819,11.4360330906018,16.6380902664768,20.8295419858209,24.71242205396,11.9890298907557,19.8365418029406,36.3855858262628
108,Senec,19.5511784151744,8.82114195020867,11.5335781037591,10.1050734354424,7.42311266655392,9.07898866566435,7.14792140936355,0,46.065772985057,16.7200991540072,17.6360449404417,13.0305633165914,13.1409371443074,12.8209400611378,12.9980714918864,22.8621748533849,20.3606861015267,14.254876030483,15.2859919390946,21.3737082931356,21.4245399491764,19.7781137951154,20.7465917874304,13.4285974829749,42.4736475795247,15.0200186566451,14.7993048739524,20.0855203126983,15.3050176779597,25.0046829036157,22.1511576623647,23.2619233646588,28.466002661728,12.7464869464282,25.7142996810959,14.905178554374,14.6308472374003,23.6286975002222,14.3408215522375,21.7302459084377,16.9649531465141,13.8129940861279,14.3904432903784,18.240768515884,19.6236129038532,24.2363825784416,21.055755039008,16.0039021683388,27.5843799122547,21.3987474350464,26.5664474867152,21.4775846299927,15.4215600513227,21.8472361408873,18.1621426356595,18.660663680367,22.4747585142703,14.9313287561518,17.8139623651023,31.4106368081809,11.3240673564585,12.6431084836672,19.847757065548,29.8223879658255,21.4780392476431,23.8247609641728,25.3226158443229,24.9958607390687,23.2010719639023,5.46155234190916,7.16926765789837,9.83395316359265,8.37785877942273,11.7427135900509,19.4684535862092,18.5381128595308,29.3190740140063,15.8403076368599,19.690864810548,35.7612620762571
201,Dunajská Streda,52.213517729526,49.6360114049851,50.5102829811681,50.2960920541841,49.9136376293513,51.4166844862782,50.841434568566,46.065772985057,0,32.2124393352241,52.307338901628,51.4596130521111,52.1418242129354,53.2680545774051,52.5965230587604,53.4965267280046,52.531896024,51.8364006907684,51.9445392263313,52.9766949174335,52.549286733741,52.5802129043062,52.8436438312943,51.2306835697322,5.72127553664999,37.115794084526,49.4363618368204,31.4147634457899,32.9265123895564,54.3073955034804,52.8791951503436,53.4404879713949,55.6261459830836,51.4265069002822,54.1503821904792,50.9745756992067,51.2957782759558,54.0292228007371,51.1587654860754,53.2054522932989,51.9636087308156,51.1838914122543,51.1523581223227,51.6304897378759,52.0368124505806,53.551069688197,52.074675867368,39.9171399657251,54.6932731536624,40.1824705817071,29.7603457961653,35.8561201949597,51.1645264671469,52.8498141364736,51.6281221683404,51.9686774757281,53.0333182840914,50.9944276047127,52.0162327753196,55.9636187217329,50.3448551798312,51.1186023495501,52.7731148895565,55.7586824781134,52.7848429363618,52.9807338240186,53.0350686675857,54.1058714121448,53.163858255695,48.6021170226986,49.4390568196461,49.9176038251102,49.0568676052181,44.121599097322,46.2977492621173,32.9761472160641,55.3409862189712,51.2458042312988,38.0012988882841,59.0188930041293
202,Galanta,30.6544378060295,22.6646311231761,24.5932914854363,23.4868944188723,21.6000812938048,19.717194101568,20.1794965412404,16.7200991540072,32.2124393352241,0,21.524693338477,20.1527094042958,20.1745037584315,21.866897078609,20.6664337524026,24.5629859337933,23.133743745878,20.778805174163,20.6677648905986,23.674832362633,23.8957484021439,22.8837870085365,23.3315915336741,20.2391599230592,28.3237601151813,6.72459778252762,18.772901894129,6.19561894246568,2.73761308493758,26.1097997943171,23.853826783631,24.6415012662236,28.7170309392881,20.9451439256639,26.6306410390863,20.6403061967116,20.4875466420108,27.8484530290831,20.277653603173,23.7810279236288,22.5746857137957,20.3942287373507,21.3042595682061,22.2039948636303,22.5661457680192,25.4582893856268,23.2446153215196,10.4079010325543,27.5473431380482,14.220303408929,13.9547202790858,11.3118072281423,21.169695831316,23.8859453328134,21.8770708942055,21.9973560589573,24.1832656126517,20.6947200028915,22.3648812408803,31.1985446935575,20.0781808859192,20.0709102054329,22.7086381591319,29.5840046101451,24.0526771131638,25.4004436750086,25.7273976229124,25.8334369449039,24.2975699012427,19.0137424647888,18.8135394646981,18.7359457003762,18.3748475903627,12.4519373982506,17.3429913547426,6.0894202247914,28.8232353817626,20.6265886403209,10.6772529588699,44.2190542203842
203,Hlohovec,28.7655760795675,19.5913322482118,21.0430874695215,19.3471045567781,17.0430583656927,10.9614375486081,12.5950430953628,17.6360449404417,52.307338901628,21.524693338477,0,5.34138675296149,7.68154521589222,15.9251244291834,9.48401877891081,6.37340208892339,4.57249828900449,6.00033391945486,2.93471596033183,5.1999664981014,6.64677007899429,4.20822008846089,4.23885809417591,4.98707741394629,48.0930289240746,15.5922209659675,4.10774148054128,21.0879805551142,20.6197674750872,8.62297989124896,5.88678279595904,6.76977186884429,12.1813868149658,11.2856406873104,9.96971455997858,5.3660636802985,4.01494262121223,21.2121452174936,7.63426486140918,5.29672360964846,14.0934332855943,5.02886802859161,7.32460668623061,5.9528504082676,5.17247405828535,8.43861980884325,9.1352255691075,13.3825316591058,11.8012116562241,15.0526958476045,26.5402830994507,18.0493814597971,5.74120755586177,7.1910389728402,5.4635725555243,7.13513918649725,6.98227656261809,11.7770122788151,11.2012199682821,16.902167738943,11.0006157232073,9.21244829155318,6.26188516298435,14.333870809076,9.00862617939853,10.2767074807598,10.7138524311294,8.61727598456435,7.42245160463195,14.8881047328576,12.4575820886467,9.58311602065434,11.0110123719754,11.2825517334861,8.24490633037209,20.4165502288595,13.1069816142372,6.87640535546654,15.6898971497791,44.4609864396602
204,Piešťany,25.1015908844539,15.2577428308007,16.9451211003627,15.1577371107038,12.6330149780494,6.46929058552181,7.80867027937287,13.0305633165914,51.4596130521111,20.1527094042958,5.34138675296149,0,4.72666366935259,12.2557730799955,6.31813108581767,11.2647285615626,8.91393376219299,5.03450594562974,3.45664053883428,9.86322825502969,10.2725666409451,8.28998326232807,8.85767247260952,2.97611495838364,47.3336891985372,14.7675838760948,4.61572043692121,20.8006176924034,19.0334527391769,13.3859753273429,10.667159313421,11.303183621038,16.7172252476028,8.05872967550333,14.3013844601547,5.13797768693909,3.68191566753398,20.0315054036158,5.82448665082671,9.91713952140845,12.3341856447787,3.35233958427711,6.19571028409962,7.62548143386875,8.28301916685008,12.8372458256099,10.8322610658363,13.1765128554704,16.001368022956,16.1586201005118,26.6962534981317,18.6601438277664,6.06650781879327,10.3429936479601,7.76045906573213,8.87217433425993,11.2919599901475,9.35660437264829,10.3117327613936,20.8990108039358,7.30544219035905,6.27453148402741,8.46032274759091,19.0107896419293,10.9950919426533,13.554328657882,14.8568571106621,13.1151231786877,11.3535066329102,10.2685804384824,8.01171802897938,6.03446694689747,6.88440754935138,9.34109419480988,10.9389336751461,19.5079470513019,17.9536957779337,5.94318104333698,16.4788084874348,41.0847888849898
205,Senica,27.7316999300382,17.310131351875,19.3528761612958,17.5455651727164,14.583457266731,4.87733325807031,8.47360680084005,13.1409371443074,52.1418242129354,20.1745037584315,7.68154521589222,4.72666366935259,0,8.50979048069422,2.96603666319719,13.879892474191,12.0871332943677,6.95316910996634,5.63160582021283,12.6393771075647,13.8549743618825,11.3202282353608,11.7988463757784,6.36592276755176,47.9958506414435,15.5597875609673,8.00850735843141,21.7272784861289,19.436639762912,16.0564843791687,13.4332924385842,14.0386638192761,19.5717815235898,8.48223317103294,17.3920568935805,8.90792956171028,7.25619691747471,20.4078610830027,7.07353353721594,12.4627045927166,12.3745579135072,7.30432623036268,10.1921322945346,11.2137306855309,11.6115783694268,15.8142850899753,13.5634551077492,14.6208055666005,18.6884936349118,18.13109561082,28.2304386515118,20.4333277945865,9.88494485866577,13.2569010847947,10.9629358270943,10.369539583872,13.7807883243331,9.33313122581703,11.064173559734,24.0917089926664,9.02345166157949,6.37425896756426,9.953960137004,21.5137629554798,13.4310945739215,16.5090179477065,17.5895035678476,15.5241230264452,13.835162733359,11.475862195397,8.72992922591639,6.75397429342511,8.25759975309313,8.67995989206351,12.9108774780821,20.2192915925828,20.5226251874489,7.69864391545881,17.6582546335347,43.2854663355368
206,Skalica,29.8142491590388,19.0929229526029,21.494932103286,19.8282798293365,16.7553762805312,7.73777250578204,11.0744622394172,12.8209400611378,53.2680545774051,21.866897078609,15.9251244291834,12.2557730799955,8.50979048069422,0,7.18204389822238,22.1074816879939,20.3025094162047,14.1853109517172,13.8951416639114,20.8676593542033,21.8926742667908,19.5909008794871,20.0047380958962,13.8701598387152,49.285243380808,19.3564877317654,15.7354852985935,25.1710463365827,21.5111153578369,24.1514908418172,21.5140832635235,21.9638008787057,27.6419444005648,11.8845937949355,25.4215966373091,16.3412993055403,15.0295683475798,22.3981550235475,12.9031797950671,20.553693910042,14.7043879580688,14.4850983884436,17.4503333217104,19.2569712943252,19.685072771746,24.0126022997945,20.4907637143616,19.5470441693018,26.479004455989,23.6631692631551,32.0662471170389,25.3972981282539,17.6200621086688,21.0253116918687,18.9584166991527,17.1553654309873,21.6071813252783,12.3428887537457,15.5940985287674,31.9232509764662,12.8920277686135,11.1693507169682,16.9959081065545,29.437502725861,20.1621517323146,23.9487646008313,25.2185240516529,23.3630130277514,21.5160586885341,13.2789842816515,11.2662409562376,11.4502448756701,12.0871480057246,12.2150722112118,19.9190419089093,22.8762672698788,28.4992845128355,14.1667338928313,22.6260175019281,44.4716061000139
207,Trnava,28.0597676563333,17.4358688236332,19.5858282663576,17.852362173569,14.8284773942668,5.34438753494604,8.60186944829974,12.9980714918864,52.5965230587604,20.6664337524026,9.48401877891081,6.31813108581767,2.96603666319719,7.18204389822238,0,15.6734978724489,13.8542516546053,8.1186913457403,7.56269506077619,14.4490502888065,15.6444150657607,13.1186545857446,13.4754683488702,8.00661280085473,48.4496219346703,16.6137524531003,9.69291865904009,22.6428263701879,20.0625856455614,17.6131212342486,15.1892223056034,15.7567176414783,21.0487950630947,8.77736065849598,19.0661813143992,10.9415682651965,9.06328599291465,20.9435387630682,8.81975198165859,14.1022869797642,12.8969305226457,8.69784112067904,11.7486302244529,13.4067356450071,13.7158483726219,17.7775315087822,15.5191885436518,15.8874644484628,20.5479595848043,19.5069025309285,29.347673754568,21.6154011970102,11.7451218621984,15.2539607503217,13.2499532186698,11.6700729938742,15.3755781842982,10.4326143247134,12.492026769696,25.2842999175054,10.3871687747967,7.59098287113607,11.462470003988,22.9127676381499,14.7469068076364,17.9049519701273,18.9400974554798,17.0928377831908,15.7575665508365,11.9675769879441,9.44976878818905,8.17859276830254,9.27015907620292,9.82788491442202,14.2354212276934,20.9942615055663,22.1032939151971,9.72736417319992,18.733575746597,43.9856423478927
301,Bánovce nad Bebravou,31.4800461381354,23.6351496673793,24.6632043744421,23.1354238269998,21.3664385998194,16.9401612767559,18.0100366544239,22.8621748533849,53.4965267280046,24.5629859337933,6.37340208892339,11.2647285615626,13.879892474191,22.1074816879939,15.6734978724489,0,3.04593992823057,10.6347817588517,8.74632225365808,2.24256179440839,4.44070295818872,3.91335813676099,2.77954189718532,10.0719983771136,49.3065283073176,18.3431327062227,8.32659978662457,22.7606689659008,23.6105258345562,2.91151246057554,1.87934022184728,3.98262968761028,7.06852893656211,16.3755956659965,5.32172549958056,8.93231046840947,8.82565141665719,24.0135683561847,12.604899501166,3.35772344679156,18.3606146812028,9.98869870824843,10.1688070848763,7.28247448487605,5.59015824036189,3.52824108494525,10.2933561599158,15.6765011198361,7.77022288487283,15.6830260939975,27.1254833478749,18.8082210961423,8.36464278445308,6.88830399357493,6.64462682373743,9.55016329254717,4.25251571689108,16.7015106122919,14.8446302771202,11.956541945689,15.8866447898443,14.4443050149221,8.94351764410525,8.73462594980791,9.85678606452307,7.97103741199541,6.81483875682213,5.18004197424003,6.11728767578316,19.8324691543932,17.6887296631933,14.7473476863807,16.0474155580444,16.0850322924685,8.76733289921794,22.9543142233548,7.25701670915042,11.5263585129605,16.8252723603356,46.6830309386286
302,Ilava,29.1217351122057,21.0386296789275,22.0834356490178,20.5423103258917,18.7684344614899,14.7815696727945,15.5415252842175,20.3606861015267,52.531896024,23.133743745878,4.57249828900449,8.91393376219299,12.0871332943677,20.3025094162047,13.8542516546053,3.04593992823057,0,8.75254835905582,6.83507215500843,1.78317043378088,3.27332494379344,2.6075453114492,1.63833683095693,7.69692292565786,48.36793695208,16.9146420243122,6.04186484920757,21.6717793048862,22.0740987890445,5.23509728109991,2.42469452621712,4.31439302813105,8.87220105814613,14.0722973384462,6.46799813625354,6.48537107415035,6.42623453691486,22.443384796145,10.3872618925554,3.69558124604249,16.3760220659518,7.31353618018587,7.86200316780012,5.39487670427451,3.9298997960312,4.74461870771949,8.9711750366604,14.3280751847301,9.18534723307606,14.9296551331277,26.2839562519976,17.9557364667093,5.93441261339633,6.04616454047553,4.86602275746599,8.13982831249315,4.53656109044542,14.6015011638696,13.1220978896801,13.2247464503497,13.3747470890157,12.3073045764135,7.78307677781443,10.7648011933416,8.62750696049325,7.57058117725892,7.48697876883703,6.17688811542364,6.17412406506277,17.2444097964747,15.2160272177643,12.4547137274882,13.5746558558163,14.2655123414026,8.09909239114948,21.6030866025831,9.5232924684688,9.4194821100362,16.0246578166648,44.7272585801884
303,Myjava,25.5955359923792,15.8071583066672,17.4101272969722,15.8351337821068,13.2947045565536,8.04308742284765,8.79261262537969,14.254876030483,51.8364006907684,20.778805174163,6.00033391945486,5.03450594562974,6.95316910996634,14.1853109517172,8.1186913457403,10.6347817588517,8.75254835905582,0,3.89187930336934,9.68094785304873,10.3829402130256,7.21528251945404,8.72040271384337,4.27841383409484,47.6868611039623,15.5026212779903,4.96212777371728,21.1683876918191,19.5429288018645,12.7273019521992,10.3982987169447,11.8297755855643,16.0415924133699,11.9151234283246,13.9760846033455,5.84507625306491,3.81013258550373,24.1480363254605,9.99601980070811,8.81565424678501,16.3801712386857,5.01190578030267,5.51757063879724,8.77367376342666,8.9657918422143,13.0578656253456,13.1347650094509,13.7267751233821,16.0871436341017,17.1695120621825,27.3604164062814,19.2023351568326,5.48718286315066,11.7731772780951,8.09147373255317,10.7568791276361,11.3205663391256,13.6622331632142,14.5246793980688,19.7592832262962,10.2759315197074,9.76914718024661,11.2692487445677,17.68157917251,13.6812662749949,14.7298877285436,14.6510067541517,13.8830901386955,12.4254199765319,11.8491005527678,9.8145776192413,7.16014056273158,8.72729500760509,11.2133984043177,10.8156775593679,20.3881068800225,17.1860433321434,10.0731886100169,16.8351119255255,41.6503631218852
304,Nové Mesto nad Váhom,27.1486084499692,17.5078589702288,19.1534915180005,17.4069881748236,14.8530053833458,8.30571063046471,10.1018105037368,15.2859919390946,51.9445392263313,20.6677648905986,2.93471596033183,3.45664053883428,5.63160582021283,13.8951416639114,7.56269506077619,8.74632225365808,6.83507215500843,3.89187930336934,0,7.57784331369425,8.7405186493872,5.86761304100954,6.72724031404602,3.39506283333461,47.7727678092971,15.0199463008679,3.62870092117675,20.8822656042462,19.6627307849314,11.0943350546399,8.42245806691527,9.50933380251647,14.6311977902709,10.4239470727722,12.4132319147469,4.81599669371536,2.84521213154276,21.6743690775553,7.34066370629737,7.4529744754554,14.1464283959844,4.16823275223628,6.1611852028101,6.76476730673383,6.80879279197231,10.8412206699615,10.5123397426872,13.1371947283815,14.1374854255893,15.8949709114346,26.7551761609844,18.4522030966496,5.18197184089623,9.19622733404796,6.20190067389198,8.3657303650666,9.36506322046835,11.3890333254859,11.6076578532124,19.1422449983972,9.63903835006154,8.121115490938,8.08704821227202,16.6446633709529,11.0348519466871,12.6072039826119,13.167300286068,11.3886818683751,9.7831171255063,12.671113360348,10.2210580191347,7.37323569182606,8.94440988443933,10.1144964498726,9.55869409087642,20.045831172428,15.6551128736437,7.09479383762682,16.0334544263277,42.9686461373943
305,Partizánske,30.4407173453182,22.2943904352459,23.3864685369644,21.822914468185,20.0081537437372,15.5805804624735,16.6424380162519,21.3737082931356,52.9766949174335,23.674832362633,5.1999664981014,9.86322825502969,12.6393771075647,20.8676593542033,14.4490502888065,2.24256179440839,1.78317043378088,9.68094785304873,7.57784331369425,0,4.3522781363781,3.49475796559987,2.13902895131407,8.68447378114622,48.8062809620309,17.4759203234678,6.99585553420097,22.1087696473233,22.6882014370811,4.35045668981412,1.91160180707759,4.16304659028182,8.50456261858721,14.6421897344224,6.47223922668542,7.67506946729343,7.6235349424819,22.4719915298006,10.9238853346029,3.85283933845127,16.7685799723082,8.51361317384696,9.0541145706932,6.36605022042533,4.68688488836614,4.06129571827314,9.41317445418847,14.9655506096249,8.91330434027808,15.4122391237607,26.7153540802836,18.4337511299764,7.10753863310818,6.26980034327179,5.48122415912264,8.03874236326144,3.89164069896665,15.1037955255851,13.2956611015154,13.1330125935682,14.3789271493343,12.8318763798108,7.61569390192875,9.95577263442174,8.56617029083494,7.27257162503067,7.06828169694481,5.30441478565737,6.08502807956957,18.3779680069331,16.2002481681212,13.3000014859704,14.5633057960018,14.7965882719489,8.31459767232469,22.2340396049141,8.70075609252167,9.98007327327495,16.2871523841197,46.0949446709957
306,Považská Bystrica,28.8329966217135,21.4727996212412,22.2550421300098,20.8285970232638,19.3572722494824,16.2827168399316,16.6916835340308,21.4245399491764,52.549286733741,23.8957484021439,6.64677007899429,10.2725666409451,13.8549743618825,21.8926742667908,15.6444150657607,4.44070295818872,3.27332494379344,10.3829402130256,8.7405186493872,4.3522781363781,0,4.10622000270196,3.77644597741802,9.36580865173122,48.3865575963413,17.5658836317487,7.59685521391632,22.0000973721252,22.7468541392734,5.84377005336387,3.71730487713846,3.80258691830514,7.83255022615093,15.6444457563822,4.56499568637251,7.11469478993711,7.73853339164437,23.4093059562649,11.6648666993753,4.69800136828323,17.368855261686,8.48302889481169,8.74860052416739,5.12609177928861,3.73124673999325,4.38156168637004,7.89745913784246,14.6983718490877,7.43136688845614,14.2971372771676,25.8587981623682,17.6491386496829,7.13537488622695,5.11303134083721,5.37966496115114,10.4907683427301,6.53241675780875,15.7497823972253,14.350338148806,12.5016363030637,14.2647296413924,14.0847659262046,9.37925746509456,11.3091312981421,9.53380196614268,8.37356949153495,8.11554896335186,6.99342415656716,5.7116298975336,18.1863092340519,16.5398863169785,14.0785179094139,14.921791523303,15.6821148734682,9.30434764128742,21.718086396046,9.42861455272774,10.3688645510251,16.7440107694287,43.8859744001912
307,Prievidza,28.7285298756819,20.4477708676682,21.5382163616158,20.0242318606429,18.1369100850149,13.8704802466228,14.7432896052081,19.7781137951154,52.5802129043062,22.8837870085365,4.20822008846089,8.28998326232807,11.3202282353608,19.5909008794871,13.1186545857446,3.91335813676099,2.6075453114492,7.21528251945404,5.86761304100954,3.49475796559987,4.10622000270196,0,2.64709068142207,7.25885050198808,48.3892526321411,16.6884872920866,5.40010184726419,21.5845405406919,21.7535224544566,6.17354083301349,3.94321924077563,5.46535327994867,9.26738352785449,14.6440632251042,7.15984320601073,5.94251518680689,5.57866972451891,24.0426460496925,10.9901941428375,2.68698336263333,17.4796548344849,7.06404061926438,6.94824082544441,5.18779375398359,3.76357953265757,6.07089875583804,9.31912641769575,13.967482822792,9.38900889666163,14.9668290682323,26.3501101725356,17.8823400048737,5.30999596471902,6.44129351137633,4.39756400842187,9.51309484665983,6.23921155459572,15.1739844821638,14.2592262762822,13.9483269034414,13.2587992485111,12.5875615700948,8.95414832534349,11.7407022961881,10.4715498534763,9.91790026684277,9.26922439889137,7.89868088415924,6.69271361677962,16.7752603616137,14.7755167379719,11.8914991454389,13.2011922751591,14.0278434539549,8.35505736319523,21.3596327555165,10.528415949573,9.91830251275705,16.1449803614518,44.1286971869895
308,Púchov,29.7812262071249,21.611826067012,22.6953582252596,21.1413877059963,19.3211432585778,14.8360552844466,15.7855261136616,20.7465917874304,52.8436438312943,23.3315915336741,4.23885809417591,8.85767247260952,11.7988463757784,20.0047380958962,13.4754683488702,2.77954189718532,1.63833683095693,8.72040271384337,6.72724031404602,2.13902895131407,3.77644597741802,2.64709068142207,0,7.83779130382695,48.6401663212736,17.1237313732861,6.24004933661656,21.9004927990568,22.3275521624652,4.70381875230257,2.41084497750045,3.89956753038893,8.46492649204971,14.0832171581101,6.39826168878703,7.05855764554401,6.6608998132254,22.487250177593,10.5198550640608,2.84950568998634,16.4140101704432,7.61487291510537,8.37943310345167,5.91746880562084,4.35371450825109,4.96861243439491,9.27602675474209,14.4812437126033,8.90090046087944,14.9148681235201,26.5983909472115,18.1067805849919,6.67583133105773,6.14814750718495,5.65770782754313,7.93765761961518,4.11022127305573,14.5375718815332,13.0474540642367,12.9742187694369,13.6234568494666,12.270892400166,7.20860204339514,10.5276825682616,8.33967252593757,7.64110021472031,7.34256122024761,5.54170759086822,5.78053936119114,17.6702306438184,15.5285240350402,12.7308145125346,13.8910409155947,14.3021769177556,7.79722185595812,21.7241229774736,9.20047420025449,9.43455559130776,16.0319498232127,45.2218033062656
309,Trenčín,24.5921144913511,15.0227803462709,16.5889749829028,14.8289844320089,12.467394562379,7.71240154661216,8.15378035226823,13.4285974829749,51.2306835697322,20.2391599230592,4.98707741394629,2.97611495838364,6.36592276755176,13.8701598387152,8.00661280085473,10.0719983771136,7.69692292565786,4.27841383409484,3.39506283333461,8.68447378114622,9.36580865173122,7.25885050198808,7.83779130382695,0,47.1508162222357,14.7179115850608,3.77543234821645,20.5825692484119,18.9779005990194,12.2344167977872,9.50746014028572,10.8228303457662,16.0632613128528,8.56264126221155,13.4891165388412,3.98465358572104,2.39057764583601,20.2964638330505,6.46054373573477,9.12893334027468,12.8761939252251,2.49439672145905,4.75002585136703,7.20325177081939,7.97475423398519,11.9444817518863,11.7236381383325,13.1320465303599,15.7707956285448,16.3222668406133,26.6118278958098,18.6663432358446,4.23116749600771,10.6478239450838,7.07947999205875,7.83792927848515,9.81942388500351,10.454400203505,10.8135447096514,19.599891607663,7.68249709472779,6.45069477571566,8.6446766034744,17.4274078825585,10.6496458586155,12.2465744963903,13.302618904686,12.4052402621837,11.4496174370178,10.3105812100385,8.08985843516602,5.65569753943425,6.68872012462135,9.88822522220754,10.088826841669,19.791210633778,16.7543146308184,6.96840680609809,16.032840818346,40.7247162373486
401,Komárno,49.2776642223519,46.2173959768324,47.1225058449635,46.831093391887,46.3360644697417,47.4333281691343,46.9658657549188,42.4736475795247,5.72127553664999,28.3237601151813,48.0930289240746,47.3336891985372,47.9958506414435,49.285243380808,48.4496219346703,49.3065283073176,48.36793695208,47.6868611039623,47.7727678092971,48.8062809620309,48.3865575963413,48.3892526321411,48.6401663212736,47.1508162222357,0,32.9338278074431,45.334606643394,27.1759392592089,29.0019666319402,50.1090538882129,48.6989624807762,49.2005848545473,51.3807249502439,47.4891391507654,49.939928733693,46.9005561359997,47.176930115242,50.4173042775215,47.1212026806684,48.9604412599037,48.0561213335222,47.0765531171193,47.1450299308927,47.5257131481323,47.8714810620287,49.4046821786264,47.9211443984934,36.0690778795829,50.4750427507582,36.1276892185057,26.8073167783643,31.753001806751,47.1233664746832,48.6382860063914,47.5351027410162,47.9594739925747,48.9212409935819,47.09992737523,48.0501881632466,51.9659174174461,46.4438998417168,47.1622552228385,48.5919791070007,51.7137515492819,48.6787485375877,48.9777478193746,49.0714906499501,49.9139108035651,48.9464241100242,44.9187271900401,45.635614840854,46.0007010164527,45.2096499989257,40.0017397500648,42.2329074046896,28.7322923302975,51.2337924184064,47.1580935982425,34.1623226405127,56.8768863718203
402,Levice,28.4019273892685,19.9852258415941,21.7514456757647,20.4060673315495,18.4387983624088,15.7953000627483,16.4183467989536,15.0200186566451,37.115794084526,6.72459778252762,15.5922209659675,14.7675838760948,15.5597875609673,19.3564877317654,16.6137524531003,18.3431327062227,16.9146420243122,15.5026212779903,15.0199463008679,17.4759203234678,17.5658836317487,16.6884872920866,17.1237313732861,14.7179115850608,32.9338278074431,0,12.9018692200186,6.3804533177534,5.69834942054171,19.9597816473269,17.6498166991549,18.3869221525779,22.5601682703585,16.7623503120266,20.3743393269816,14.68653153238,14.7094985941537,24.5698333317636,15.0945478370337,17.6178094187162,18.6985186397918,14.7977677651644,15.6082052080609,15.9479388482839,16.2200946318412,19.1191903964966,17.2455762410407,5.66027206300702,21.3045575564904,9.55566500217993,14.9119260653563,7.98683643343369,15.2569405925128,17.5940178392599,15.6605797315207,16.6622818802538,18.1725108888892,16.3853283746762,17.4598874522281,25.4865979556866,15.3308025862732,15.4561859345233,17.0067186854155,23.8294337223052,18.3393641727283,19.6038326060116,20.0486848347144,19.7377645890516,18.0417697745113,15.6735644330873,14.9509114251358,14.1574945539249,14.0484300010439,8.10628311857804,11.7763312396941,6.06488519317616,22.8428976259952,15.0659623597021,7.30930757852651,42.6170992014858
403,Nitra,26.114773161813,16.6963798911415,18.2545529297949,16.5702248520617,14.2986693263344,9.75444222800594,10.6417979909897,14.7993048739524,49.4363618368204,18.772901894129,4.10774148054128,4.61572043692121,8.00850735843141,15.7354852985935,9.69291865904009,8.32659978662457,6.04186484920757,4.96212777371728,3.62870092117675,6.99585553420097,7.59685521391632,5.40010184726419,6.24004933661656,3.77543234821645,45.334606643394,12.9018692200186,0,18.4513096916068,17.5822549645293,10.4241939404933,7.66198743643835,8.96799601869731,13.929456786878,10.8577588393268,11.5372469818939,3.79902500139527,2.94553149468878,21.6889419567029,7.7749707888944,7.12645189275946,14.5136697123954,3.72443640653014,5.02371143410591,6.13009543676257,5.95252828097524,10.0083632255997,9.90009249701769,10.6442819754592,13.4488633956685,13.3966574740917,24.0108630583042,15.7887199941953,3.99413095417661,8.66421013833892,5.33712055174979,8.23744556637068,8.64714713325913,11.7391734757756,11.8555846250738,17.8212456070836,9.40788089715308,8.79013123878316,8.43384404182888,15.7462966699628,10.3922283859002,11.4330563754011,11.8684305123273,10.9181487933406,9.3616397368424,12.2922373113221,10.2232603101469,7.58956989004096,8.64081132538305,9.47300361494593,7.35179846517882,17.8601056173432,14.769418175831,7.41327504578461,13.547879905459,42.1559354504811
404,Nové Zámky,31.7162663780795,24.5629775633088,26.0449417186397,25.0061805259692,23.5014653339741,21.9989774704009,22.2846322048929,20.0855203126983,31.4147634457899,6.19561894246568,21.0879805551142,20.8006176924034,21.7272784861289,25.1710463365827,22.6428263701879,22.7606689659008,21.6717793048862,21.1683876918191,20.8822656042462,22.1087696473233,22.0000973721252,21.5845405406919,21.9004927990568,20.5825692484119,27.1759392592089,6.3804533177534,18.4513096916068,0,5.93588135964868,23.9273151749514,22.0703083077608,22.6936270445352,25.9196201823997,22.4305567228954,24.0614571130014,20.240933678863,20.4223714060112,28.5954487339996,20.9201795307031,22.2004521780107,23.7334782191798,20.4940062083767,21.0183220176701,21.0538286239837,21.1267038738032,23.2054790400462,21.8267141059785,9.62207806407235,24.8185933971539,11.0556873374655,11.1576918117317,7.12348142170661,20.6327829443117,22.1661600399296,20.7620346098783,21.7204139387426,22.5538741332195,21.9472002604531,22.7692522916866,28.0208906353223,21.1370674727345,21.3914868964726,22.1301658440971,26.817158933541,22.8533445533762,23.4968188468322,23.5105055148718,23.8117144512324,22.4754315926774,21.2370407929241,20.8949473837254,20.2158003350851,20.0090599902462,14.1390032028546,15.716949783726,4.66334381608384,25.9687361652573,20.7747419287928,8.61428808140605,44.9774979322171
405,Šaľa,28.5132248352475,20.7068737062586,22.5168390601087,21.4553262284139,19.7429853498948,18.6745924708156,18.7441767435733,15.3050176779597,32.9265123895564,2.73761308493758,20.6197674750872,19.0334527391769,19.436639762912,21.5111153578369,20.0625856455614,23.6105258345562,22.0740987890445,19.5429288018645,19.6627307849314,22.6882014370811,22.7468541392734,21.7535224544566,22.3275521624652,18.9779005990194,29.0019666319402,5.69834942054171,17.5822549645293,5.93588135964868,0,25.1871381601719,22.9078547632961,23.7968856391917,27.8426250099693,20.0550306838103,25.6538040542277,19.2368781737522,19.2333659684429,27.4722430776392,19.4068175409404,22.7971134301971,22.0904554396023,19.1468000531696,19.6771152058252,20.9286960233535,21.4253697727756,24.4781600793412,22.3844215087742,9.60901494276431,26.704182541088,13.7800318706827,14.2550792728524,10.9195011797628,19.6932792456921,22.9531005742059,20.6274894154558,21.2355293883999,23.2637296211832,20.0278524214297,21.6713165944551,30.1941860201597,18.673807092571,19.1093505262304,22.0426548202697,28.7246177807727,23.2360180285936,24.5029890976386,24.898862313949,25.0966579972976,23.5046585080172,17.3595261547082,17.3735700897079,17.3926001579493,16.9073039450554,11.8162652836544,16.6572060665555,5.93705552522514,28.0204590693993,19.7521770467629,10.4982284258946,42.1320842844927
